SNP	CHR	BP	xaa	sdaa	naa	xab	sdab	nab	xbb	sdbb	nbb
rs1000000	1	100	-0.02762	0.9914	283	-0.01343	0.9956	1866	0.0106	1.003	3102
rs1000000	1	100	-0.1341	1.053	45	-0.01535	0.9676	262	0.01574	1.013	514
rs1000000	1	100	-0.3615	1.053	10	0.06759	0.9186	93	-0.01571	1.04	170
rs1000000	1	100	-0.02187	0.9836	172	-0.002833	1.001	1320	0.00291	1.001	2578
rs10000010	1	200	-0.0109	1.001	1354	0.006966	0.9842	2628	-0.002799	1.032	1269
rs10000010	1	200	-0.08723	0.9907	196	-0.0005032	1.018	395	0.06665	0.9766	230
rs10000010	1	200	0.1274	1.066	79	-0.04828	1.037	118	-0.05745	0.8617	76
rs10000010	1	200	-0.02651	0.9709	1030	0.0226	1.013	1954	-0.01553	1.004	1086
rs10000012	1	300	-0.07258	1.045	79	-0.05676	0.9944	1274	0.02002	1	3898
